                [,1]      [,2]        [,3]
lambda     5.8977832 0.6899289  0.01228788
반감기(hr) 0.1175267 1.0046647 56.40902458
        [,1]    [,2]    [,3]
[1,]  0.8625 -0.1761 -0.0799
[2,] -0.5283  0.1079  0.0489
[3,] -0.3196  0.0653  0.0296
rule.vs.2comp   vs.SolComp3      vs.nComp 
 1.110223e-16  2.553513e-15  4.462208e-12 
     TIME      Xg      X1      X2       X3
[1,]    0  0.0000  0.0000  0.0000   0.0000
[2,]    1  0.0000 13.0048 44.1919  40.0239
[3,]   24  0.0000  8.9936 27.3165  36.8808
[4,]   27  0.0000 34.8249 86.1003  94.6528
[5,]   48  0.0000 20.4388 62.0792  83.8149
[6,]   49 36.7879 34.9198 87.3708 103.9165
[7,]   60  0.0006 28.1902 85.6312 115.5818
