   Subject  CMAX TMAX LAMZHL AUCIFO AUCPEO CLFO
1        1 10.50 1.12  14.30  216.6  31.25 1.48
2        2  8.33 1.92   6.66  100.2   8.63 3.18
3        3  8.20 1.02   6.77  109.5   9.36 2.92
4        4  8.60 1.07   6.98  118.4   9.78 2.70
5        5 11.40 1.00   8.00  139.4  13.00 2.29
6        6  6.44 1.15   7.89   84.3  12.44 3.80
7        7  7.09 3.48   7.85  103.8  12.55 3.08
8        8  7.56 2.02   8.51  103.9  14.77 3.07
9        9  9.03 0.63   8.41   99.9  13.59 2.68
10      10 10.21 3.55   9.25  170.7  18.92 1.88
11      11  8.00 0.98   7.26   89.1  10.11 3.59
12      12  9.75 3.52   6.29  130.6   8.13 2.46
       CMAX AUCIFO  CLFO
gmean  8.65    118  2.68
gCV   16.98     28 27.38
