      n   n.blq pct.blq 
    132      29      22 
 0.25   0.5     1     2     4     7     9    12    24    36    48 
0.083 0.000 0.000 0.000 0.000 0.000 0.000 0.000 0.333 1.000 1.000 
           full      M1      M5      M3
ka       2.2379  2.8816  2.9985  2.5066
V       36.0801 39.7803 41.9986 37.9801
ke       0.0820  0.0655  0.0634  0.0754
sg.prop  0.1283  0.1176  0.1445  0.1392
sg.add   0.1464  0.0000  0.0000  0.0000
CL       2.9591  2.6055  2.6637  2.8651
t.half   8.4516 10.5828 10.9290  9.1884
             M1      M5      M3
ka        28.76   33.99   12.01
V         10.26   16.40    5.27
ke       -20.14  -22.67   -8.02
sg.prop   -8.36   12.60    8.51
sg.add  -100.00 -100.00 -100.00
CL       -11.95   -9.98   -3.17
t.half    25.22   29.31    8.72
