        CV     MSE N.per.seq   power      T0
 [1,] 0.20 0.03922         8 0.83320 1.76131
 [2,] 0.22 0.04727         9 0.80648 1.74588
 [3,] 0.24 0.05600        11 0.83058 1.72472
 [4,] 0.26 0.06541        12 0.80034 1.71714
 [5,] 0.28 0.07548        14 0.81103 1.70562
 [6,] 0.30 0.08618        16 0.81515 1.69726
 [7,] 0.32 0.09749        18 0.81517 1.69092
 [8,] 0.34 0.10939        20 0.81248 1.68595
 [9,] 0.36 0.12186        22 0.80793 1.68195
[10,] 0.38 0.13488        24 0.80207 1.67866
[11,] 0.40 0.14842        27 0.81493 1.67469
       hand.nct   PowerTOST.nct PowerTOST.exact shifted.central 
       0.807439        0.807439        0.807439        0.803025 
      n      nct   exact shifted
[1,]  8 -0.45070 0.01387 0.00000
[2,] 12 -0.24188 0.02843 0.00000
[3,] 20  0.08604 0.13273 0.06986
[4,] 40  0.55438 0.55438 0.54951
