      n   n.blq pct.blq 
    132      29      22 
 0.25   0.5     1     2     4     7     9    12    24    36    48 
0.083 0.000 0.000 0.000 0.000 0.000 0.000 0.000 0.333 1.000 1.000 
           full      M1      M5      M3
ka       1.9918  2.5566  2.6646  2.2375
V       35.7786 39.6171 41.8959 37.7671
ke       0.0823  0.0656  0.0635  0.0756
sg.prop  0.1200  0.1126  0.1403  0.1336
sg.add   0.1619  0.0000  0.0000  0.0000
CL       2.9458  2.5979  2.6585  2.8554
t.half   8.4187 10.5704 10.9233  9.1679
             M1      M5      M3
ka        28.36   33.78   12.34
V         10.73   17.10    5.56
ke       -20.36  -22.93   -8.17
sg.prop   -6.15   16.90   11.32
sg.add  -100.00 -100.00 -100.00
CL       -11.81   -9.75   -3.07
t.half    25.56   29.75    8.90
