               [,1]   [,2]   [,3]  [,4]   [,5]   [,6]
tau           0.100  0.300  1.000  3.00 10.000 30.000
Emax.obs      9.091 23.077 50.000 75.00 90.909 96.774
EC50         90.909 76.923 50.000 25.00  9.091  3.226
EC50.over.Kd  0.909  0.769  0.500  0.25  0.091  0.032
occ.at.EC50   0.476  0.435  0.333  0.20  0.083  0.031
    Em     Kd    tau 
 83.33 250.00   9.00 
 max.abs.diff occ.at.EC50.1 occ.at.EC50.2 
      0.00000       0.20000       0.09091 
Emx E50 
 75  25 
      [,1]   [,2]    [,3]     [,4]
P      0.0 100.00 1000.00 10000.00
floor  0.0  20.00   31.25    33.11
top   90.9  90.89   90.82    90.13
